T0_e = [[0.5227,-0.0699,0.8496,-0.0011];
        [0.0513,0.9974,0.0505,0.2024];
        [-0.8510,0.0172,0.5250,0.0852];
        [0 0 0 1]];
T_ee = [[0 0 0 0];
        [0 0 0 0];
        [0 0 0 0.1];
        [0 0 0 1]];
bla = T0_e*T_ee